81450
81415
81246
81356
81305
81325
81358
81154
81491
81357
81498
81387
81155
82399
82606
82671
82673
82713
67119
71885
64292
38245
65731
62267
82719
82216
79483
82217
82219
81867
82309
82376
80702
81100
82305
82288
81878
55738
82146
82291
28219
82255
27894
78382
81052
82440
30115
80707
82499
81251
82242
81692
67253
82375
82527
80701
80080
72229
81631
80615
80750
82503
78119
27960
82643
82461
82698
82303
82429
80709
82373
48455
27969
78386
82302
82538
82599
82562
82394
82426
82491
82620
82462
82463
81934
81807
67677
81336
81518
82374
82311
27963
82378
77077
82697
77075
81808
82224
81889
22335
72171
80773
80851
82704
82341
77398
82126
76571
78391
82600
80346
82312
82435
27966
71673
78387
79141
61511
79553
81816
82381
82230
81704
44121
82207
82464
82356
27863
82360
78381
27965
79232
82492
82431
82530
81412
82297
82313
80700
27968
80699
81072
82433
82077
82529
80706
78527
82299
82640
81095
76299
81437
82090
82125
81261
82215
74063
81488
77486
81337
82705
80819
82281
81664
79639
81201
82444
27959
77082
82454
77078
82502
79701
80698
82534
76897
81648
75973
82639
81797
82696
80613
74509
81823
82265
81618
81801
82410
76898
82290
82642
82580
81805
81093
81834
79640
80813
76286
76668
82266
82296
81043
27958
82103
79143
82428
82460
71674
78375
27956
82616
81683
82438
27866
82621
38424
78361
82715
82267
81806
82111
82718
81745
22332
80814
81283
82432
70669
82619
81000
81814
80160
82451
82535
82615
81800
81935
81736
82477
82089
77076
82632
80150
80704
80202
82500
81804
81753
27955
82645
81401
82649
76296
81803
82298
81802
82531
65956
82434
80703
81799
71675
22334
82409
80815
82307
82058
82395
82427
81727
27957
82572
27893
82493
82218
27971
82068
81702
78395
82294
78378
82029
82304
80866
76309
81673
74386
52742
80511
81092
71677
82306
82069
82684
80476
81464
80239
27865
82455
82377
81548
81470
82504
82634
82060
81402
81795
82361
80401
82712
81224
71676
80004
81376
80708
25855
81734
81236
27970
82104
82720
82635
27962
82678
81349
82204
82614
27864
82456
82515
82273
77080
71672
81869
82537
80582
76305
82310
82638
76301
81870
82452
68085
82646
82609
82293
82641
82706
82532
77074
74821
82717
82308
80880
82430
81796
82677
76306
81256
81860
82078
81772
82446
81850
82695
81627
82690
79140
80614
77081
27896
79243
82685
81654
82627
82414
80647
81798
78374
82198
73554
82575
82180
57620
81101
76311
77073
82453
78398
82679
82675
82714
81493
76295
82316
72740
82716
81936
71678
81441
81377
78528
82514
81743
82300
27961
79066
82406
82669
82536
27967
82420
76300
78379
78203
80616
82681
81091
79142
82501
82220
78742
78429
82439
82598
82292
80474
62612
82276
82721
76667
82080
82398
82445
76896
82251
81781
82533
82169
82301
70755
70618
82589
78964
59754
69968
71530
71983
71647
77146
71705
78369
72170
82702
57267
71529
70617
82237
82701
62855
60923
63435
62421
81360
77145
72357
64129
62557
81243
72172
82703
72741
69969
69967
64845
55830
64131
69966
36622
56229
76916
17894
62613
55831
78490
78746
78978
78660
52456
78977
79285
59617
78965
78969
79107
81345
79524
58298
79006
82075
65073
79389
78623
78666
78766
42924
79134
79426
78477
60621
79173
35217
78544
79084
79046
78987
78617
78905
79391
79022
80280
78876
79442
79826
78494
78488
73353
73217
81173
58296
78474
72004
78504
35356
80281
79184
78509
78691
78476
78472
78968
81359
78495
56903
79577
79781
78732
80723
35218
79093
80187
79337
78967
79234
42959
78475
82585
78662
78624
61438
78493
56918
78946
78723
78665
79618
79334
78788
79131
80760
80279
49175
79929
82337
81608
72937
35899
73691
80938
82202
78661
78521
78833
79827
79036
37976
78664
81132
78804
78479
56899
78483
79335
78473
78659
78973
78935
78478
81590
35216
79338
42944
79336
35215